negara,kelompok,matematika,membaca,sains,escs,pstg_escs_1,pstg_escs_2,pstg_escs_3,pstg_escs_4,pstg_escs_5,matematika_escs_1,matematika_escs_2,matematika_escs_3,matematika_escs_4,matematika_escs_5,membaca_escs_1,membaca_escs_2,membaca_escs_3,membaca_escs_4,membaca_escs_5,sains_escs_1,sains_escs_2,sains_escs_3,sains_escs_4,sains_escs_5
Australia*,OECD,487.0842535121308,498.05093977660573,507.0008693485718,0.379366600098662,1.236281504490589,5.692174569472871,15.63686688148538,25.48623408558549,51.94844295896568,406.83231443157229,420.90788722471456,447.1402832341117,467.6762797869974,521.228485873567,405.49168336014952,435.8962428157592,461.88624327858537,478.3590004373052,531.7719978342589,414.2094124635089,440.34135364964425,467.31423049334717,486.40447858578267,542.1577476901914
Austria,OECD,487.2674989673573,480.4058472226605,491.27095872010705,0.0690673583851902,2.93811388624353,10.43245129811312,21.88241598111275,28.58031730957845,36.16670152495215,410.93182122125029,423.1787115075467,456.67433523788935,491.01654890366774,534.6210039133896,398.80336906622085,416.25684625989317,447.50538258980527,483.9518370758501,530.8053927426431,393.22706360620816,415.6090947999931,457.0890748937863,497.06411808249754,544.9535214462386
Belgium,OECD,489.48681674494503,478.8526682782359,490.5783460591945,0.0828763345344358,3.12978304156217,10.64257466055389,19.95199923359748,27.20495501808384,39.07068804620263,404.14407506908151,428.04714257317113,450.7016229105191,486.8930632551261,539.4792233434218,396.08166632580037,418.5511426585465,440.83228825880633,477.22986171382865,528.8723034912781,404.82431619999107,426.0201855749436,450.14454416889424,488.81992236114206,541.4686400400641
Canada*,OECD,496.9478944357039,507.1328958226768,515.0166759982307,0.3811020834349589,0.3795524926375506,4.296992463333554,16.88065000894353,28.44183330396224,50.00097173112311,399.29518654058273,436.56245553510803,464.7193639828904,485.23926613509167,524.2717134951782,409.47955484127505,444.8192346121435,477.76195696624313,497.335196989973,534.0507290376917,406.1311026483047,453.585279474137,485.0538909525636,504.14284313514247,540.940978520407
Chile,OECD,411.6965707080961,447.9789573967023,443.5434024052522,-0.5086492927143373,8.223980948488556,23.62210560813286,27.8327969134161,24.23975718999074,16.08135933997175,366.39903782316867,393.13799706173893,407.2252597305111,422.3272132518574,466.84471023103737,395.17233318727261,425.450064537171,445.97524151229413,463.9022705453473,501.7369309150749,390.90851609201417,420.09339037345046,441.3766384658454,457.688123928818,503.50578231393484
Colombia,OECD,382.6968351295674,408.6650263433265,411.12067324764644,-1.065124866606676,27.48656068691783,25.36643265966386,20.3102584201831,15.2393276131671,11.5974206200681,352.20891596422507,371.34903450715984,385.05224128220675,408.8016707882814,452.0128879635379,367.7734282512601,395.20371773805346,413.68457362710024,444.15006412618095,494.23425147318386,376.22896241880284,400.01043381389707,413.65552907900957,442.516773799306,489.06604538633286
Costa Rica,OECD,384.57604112435735,415.23308032564466,410.9866236658263,NA,NA,NA,NA,NA,NA,NA,NA,NA,NA,NA,NA,NA,NA,NA,NA,NA,NA,NA,NA,NA
Czech Republic,OECD,486.9992078519244,488.6036684603712,497.7420469634635,-0.1040860688744342,1.434146910610382,15.2208456054185,29.92732776478824,25.05158163621311,28.36609808296976,360.4405635794032,419.2771536485726,468.68918950041444,496.92549296542194,541.7691903170793,361.8266615380208,425.60702041555135,471.96085282878215,497.01547942960974,541.5827955362813,352.74305943590275,427.3379118166446,481.83145355511016,506.89579964429396,552.7682679555542
Denmark*,OECD,489.273876942411,488.8009907012354,493.81571169679114,0.4760777394194428,0.8628714141130397,3.550702065817319,12.4870468236964,24.51178475268546,58.58759494368777,410.23177432166716,427.8163564110036,450.79369456548676,475.16800229635083,510.92398810201087,397.321394012984,421.493746725835,451.0006233716244,474.94510367590505,511.3791908812483,389.00853498320248,425.78150562611637,453.77437366801314,477.290536878461,516.8357968136401
Estonia,OECD,509.9469532247615,511.03033164392804,525.8117784943655,0.1507251881096396,0.7791896067654911,8.42217793680189,22.15298990683555,29.0633255958159,39.58231695378116,426.96959024398603,462.48577648880223,481.67599981183696,502.62037835489883,544.3159361866283,439.88610821743436,467.9998095208432,484.5079555988078,505.5919294205385,542.9228799625653,447.14846434152491,482.29247393426726,499.59086171127166,518.272030044421,558.329695786344
Finland,OECD,484.13922563776697,490.2176848135362,510.9588505290924,0.2584828367937594,0.8087061177155945,6.487028852346562,19.58142735954424,28.18693650165375,44.93590116873985,392.94011685031984,436.68115304536406,452.77021480443204,473.1648657614452,517.2461127024853,379.21988688015813,442.11649037574693,458.9254184946862,480.25949554595763,525.5614653865408,388.45526693717557,461.32370993526524,477.71174760162097,498.2738576934374,547.1766240107781
France,OECD,473.9444184205984,473.852158031199,487.2252787111397,1.853907930412e-4,3.170112470757472,11.66316678816636,22.4703724782812,28.5320937524435,34.16425451035147,395.36150366054551,421.1539088759818,441.2431746798797,473.82895826709995,525.6936368509467,386.65666682072003,422.089002771514,440.2800352283873,475.01621287103063,527.4979651853224,395.99567232058592,427.40650479173456,452.3782210049174,488.7129515728588,542.8144406144546
Germany,OECD,474.82645390785706,479.79402475457374,492.4267295061775,-0.1369900180181201,5.956426749379112,15.23555028184312,21.69918606905194,26.22203102142646,30.88680587829937,405.87218906953558,434.84672471419844,458.4919276391818,481.9241053808894,534.3916180279645,405.46947865993701,442.1225097321788,463.54795096177224,486.16113975035273,540.137544075491,410.25741505858417,450.68951368155285,476.02916621656135,498.2638012846772,556.3196839533537
Greece,OECD,430.1463218532806,438.44062522535023,440.78606047355953,-0.154869593520961,4.421411280038186,16.23292391054961,23.41730732469276,27.10010071364651,28.82825677107294,376.01308661006237,401.1035272903523,412.5981460426233,431.3199550524828,470.00810408895217,371.13891397446361,408.3651160690936,419.81649083655293,442.05983105212135,480.7883057289597,377.96337560499904,408.0491076986665,422.8819304215682,443.877870060069,482.9111520409887
Hungary,OECD,472.77612237193983,472.9747259373598,485.8901585000138,0.0029782271706395,3.538535197766988,13.36741848728195,22.44499837497756,24.33143695544334,36.31761098453016,352.54541666702016,413.9589548060797,445.70244670382294,472.4595781402858,525.2138269508149,360.33974296463674,408.9976087359264,444.3148240532067,472.5712019362425,526.8489736085262,370.0792017496687,422.9268277723228,456.5067964120882,487.44497962112285,539.7508950508435
Iceland,OECD,458.89644981037986,435.89802804978666,446.9267951053713,0.3779857787007406,0.7474996572396563,4.980354695632404,15.64739625374025,26.89314475616878,51.73160463721892,c,409.6455230868494,426.3931829528481,450.7505685549308,481.3993885413697,c,384.38198273436933,396.718728485037,426.1618735657303,462.30643184563235,c,391.25125535959637,406.96701313874166,436.9506219681808,472.62079630165294
Ireland*,OECD,491.6482795918828,516.0099753082625,503.8455371609127,0.3329791371384958,0.6601155348891699,6.402480395484895,17.34456265519014,26.63164929958373,48.96119211485205,402.72316110959144,442.8742943694768,463.0411313974145,479.63201060923006,517.6529573453967,426.66026206761194,467.7362528390206,484.00457437993595,505.2851178500912,542.7045086519199,412.54820850037072,451.4361246001475,473.7125029024036,491.11611071368173,531.4772763128049
Israel,OECD,457.8966665933153,473.8326982093545,464.7518251675385,0.2799569960736658,2.07733653091867,8.49552050680258,15.71047800908506,24.90867010927982,48.80799484391387,352.96701351218951,385.91665540661234,410.64925989907346,441.6919105046622,504.0383099255174,356.94881996275109,396.4868868855487,428.7127119648207,460.578967335949,520.3775344689122,361.2959221371263,396.3172651554522,418.59632554930204,449.70541844062564,509.36751423995213
Italy,OECD,471.2594754762866,481.5982778298936,477.46336593724277,-0.1002104762531568,4.171091211332732,13.6038338139715,24.90061585752587,27.83149133962468,29.49296777754522,400.37363130932863,431.73414763310785,454.12383769889243,476.0091963688908,512.006975673376,414.9648075276744,442.60061361373056,466.9179521692363,488.8078622894449,518.1312967388359,401.01657160684414,437.9769002333881,459.5216313956651,483.93444088264215,518.5126218961822
Japan,OECD,535.5793059957158,515.8546137502589,546.6344535500577,-0.0068250217097618,0.789308112229864,9.256002463610905,25.1981574049078,37.89852854878649,26.85800347046495,450.44604073271626,478.55734565859615,508.9190885328792,543.2813608559685,573.9060698362682,448.34451714717682,464.7378148047112,491.5825141254995,523.2240139857289,550.371064725496,466.54638179181723,496.0078988886455,524.6523073187145,552.5939715517583,580.8518325472323
Korea,OECD,527.3025017804583,515.4153921009976,527.8224182708128,0.2243856854986127,0.7926864786598851,7.688227246853597,19.20695040509855,31.34375845268778,40.96837741670019,414.92108294049433,459.6778757122427,489.8817129218571,524.2115382960823,563.6486448647352,404.47054012761532,455.97538678521335,478.39348981678745,512.0856283408838,549.4978273991409,472.97980621709894,465.48478836832476,493.4516342257648,524.0349323222047,560.8705317813018
Latvia*,OECD,483.1594552018177,474.5686507347839,493.8427670445007,-0.0094825234279196,1.494996486443017,12.23140332475419,24.16462567708113,30.04508670033848,32.06388781138318,407.97179261531522,445.3210882198555,460.12374161201717,485.12527166528764,518.3636006117043,396.39620473798976,433.4724392817332,452.92320272224674,477.42838523741284,511.5196167197279,418.88049128303828,458.7022064010019,471.1634758271552,495.49751457094453,528.8042882095247
Lithuania,OECD,475.14676197725714,471.8342299438432,484.46340575011436,0.0522950661242306,1.590486438108174,14.3218797248419,19.80653492465376,26.08831107535028,38.19278783704589,390.5027280182087,427.27898449986037,447.47928481099126,473.9962866157239,514.6347283760815,390.33605195724135,428.11317095014795,444.89758228946886,471.9524507740822,509.9379485004392,393.02332149942356,438.63795020814405,459.47215612167497,483.32645073614225,523.1126074226421
Mexico,OECD,395.02991921871023,415.3589621469033,409.8865982623363,-0.9524373255716473,27.10578646125985,23.4594595658736,18.96671193972174,16.81085942045593,13.65718261268888,370.01937768104563,386.77286426835775,395.77827655154283,408.9927321500475,441.1596519202497,379.6848209214661,402.54756562644747,420.6293923391088,437.4689048915976,475.2029491924827,380.40682472115475,399.1197212141742,412.2789763026245,428.16082522947073,461.1692399215389
Netherlands*,OECD,492.6756389784962,459.24290805644205,488.3168361619046,0.2534607822800931,2.646316969037494,5.98099378855918,16.73224571031618,28.56284937594278,46.07759415614437,396.38258310446963,441.24310231424664,455.85626061456355,474.5089959401555,536.6002194672845,371.09171964469351,405.68809449503163,424.10863327027005,443.2138613544796,502.9631823198911,390.05166566060126,431.3666128377794,452.02439496531946,470.5620870495853,533.9614052116741
New Zealand*,OECD,479.07419345237787,500.8530109556956,504.1293047861225,0.2190635991976571,2.430827617555441,9.180715685403294,16.88427651149332,26.73796103962222,44.76621914592572,391.85896675753338,423.23450610701593,446.86553530784306,476.62992406545345,519.3643209530732,412.1768923608895,450.7848145411421,471.905725665512,499.3011165680953,539.6533793340682,405.51999039984543,443.97660074709347,471.3946417063001,503.14751641896873,546.5665607067762
Norway,OECD,468.44994989168754,476.5238777539249,478.22646488318014,0.5214971144813197,1.128674499918463,3.624581066383844,12.5101953538394,24.0411996106568,58.69534946920149,379.34031549267974,405.2628163501218,434.7338888607844,453.8076641867627,491.91963867007445,374.61488733345954,401.5311561926135,438.8578953070603,460.5557937936222,503.26007248891887,373.04280816299865,401.537395041023,440.52004520381297,463.1957870003107,504.7842728828848
Poland,OECD,488.9600537637015,488.71362906290636,499.1643620798552,-0.1051406851516394,1.1627163619153431,17.68601202471753,27.40975042883521,23.22481637391532,30.51670481061659,413.50459786207239,439.08201842586936,472.80476989486874,494.84363404380156,536.2367592173532,393.78769886907571,438.7345108725356,473.9297786096413,495.1013196376475,537.2614291564104,404.62028488115709,450.9583725093321,483.74807160575097,505.08805613809056,545.3349965160401
Portugal,OECD,471.91052210574856,476.58861113023033,484.3734641218211,-0.2263552599434612,10.53987891392762,16.40964031159701,20.30864599836922,20.33809044692031,32.40374432918583,414.91146987896286,439.1501617062338,452.4594219655541,473.0711266963871,521.5194173030678,425.43323308137298,447.5198107796091,462.60183940507545,479.0939288073012,519.055697780168,430.15897710009517,455.2740512336336,467.1570552687276,488.10018809088325,528.1955247518357
Slovak Republic,OECD,463.9946184782649,446.8606074045283,462.26948311910746,-0.3029966638479775,5.175342229005977,19.87589678977644,28.105754100955892,22.43634403417013,24.40666284609156,334.98006695420196,409.87662333175825,456.0484582554643,484.8935817835086,527.8023865547808,329.07548601490384,400.48330177213154,440.78525290772353,462.75364884408083,504.39211266100057,328.54169732182481,405.6237560780011,453.91668168597664,483.55916414146486,527.7297140213202
Slovenia,OECD,484.5290086483499,468.5360126993491,499.96488247350874,0.2258082638351057,0.8339118051861615,8.604848568345782,20.0060729303835,26.54387137240767,44.01129532367688,376.89313773525078,426.8067271241689,452.1083585083568,475.1878233848354,519.5933932469158,367.47910825885538,416.6747831853023,439.4880696387185,460.67307987292253,500.9893199964873,377.45380726109846,439.92630588582637,468.1886766794305,492.9855244078228,534.7610026462462
Spain,OECD,473.1402080246069,474.3071124238225,484.53364843016817,-0.0331994972649325,6.324104578753759,10.72961243927734,20.24667369979817,26.51220535160378,36.18740393056697,412.07971628203944,439.9141613395002,447.6322188353788,473.2842177258129,511.18374853945966,411.87679219411513,445.50698100537585,452.13569610939396,475.415868829603,510.7008184633149,424.86175198726653,455.0224500886737,462.06003681756914,484.72483938359585,519.0486523189405
Sweden,OECD,481.76606539700737,486.97515578914386,493.54931908196386,0.326591020590031,1.528944871305639,5.832939245011168,16.95468501726852,25.68191165532,50.00151921109466,399.98416337328359,422.53552890479205,443.5112374101871,465.6861230634519,517.5683584722403,378.03029243994473,422.1705884410726,445.06144607664567,470.05269660330896,527.4076476957044,382.95488024306866,421.7755737093878,452.310950946285,475.2702654167539,534.2133838210182
Switzerland,OECD,507.99058644870297,483.33173395585663,502.5232415322321,0.1691667441186882,3.190920693036214,8.149274210336419,19.10848750157368,26.84592541675692,42.70539217829677,421.56798328923901,448.48308400620135,466.0263829266864,502.74263637773976,553.1175277422344,392.21590409966967,419.9664927082463,439.65725355686976,477.1163028959398,531.8292372350431,418.68468147186724,445.013965355051,458.55534296020363,495.6830223285642,549.1281698211842
Türkiye,OECD,453.15176740183233,456.08404072475236,475.9378020991971,-1.185443048259891,33.19828642226003,26.67288182671372,16.77668633896931,12.22699894006701,11.12514647198993,423.72735260024814,443.952683558386,454.4527843040521,488.12759064503865,522.9486036912961,430.60728383909731,449.7169741439068,457.0503393785851,485.76612898389334,514.3783227760663,449.74655123752018,467.9412900253453,474.5570426721004,509.1888147743681,539.3470259421838
United Kingdom*,OECD,488.9750850657636,494.40462600859087,499.6702137826572,0.13638065860924,1.910017587726297,9.661918705113097,21.65386349651881,26.74112755249891,40.03307265814288,421.93284138626024,451.70277281965184,468.84182389975786,484.28488193834585,528.6403828288121,431.73331039861625,465.93228756359815,477.05494255503186,490.59319043254965,532.7849750293952,414.31872271269214,461.05142225007114,478.6503318682327,495.86784227161183,541.3923037780438
United States*,OECD,464.88804301212303,503.9375736570523,499.4140640635121,0.0561628685744663,3.919112220185413,11.52932003551138,20.71820829396812,24.83648517912449,38.99687427121059,413.46935686662658,423.38949936591627,430.35140359992187,455.53505715645616,507.49035796640965,442.61699675937729,462.0499916257328,472.32091952249505,496.1200614888959,546.5160366031851,437.3152041450744,453.86517536472286,464.3208838004896,491.05826554991086,545.0305139024379
OECD average,OECD,472.3576499228968,475.5881987143185,484.6455247887445,0.0023551425777,4.938445388566149,11.79473171172409,20.41770061249722,25.7048055972494,37.14431668996315,395.73551347297649,427.0255346638504,448.9322211357428,473.7683197491242,517.4671077720755,395.80590050982659,429.9383459393188,452.270493830606,477.1471896375974,520.262003767814,401.74711183435591,436.9370659582626,460.6266288224123,486.0949929466559,530.4244307382373
Albania,Partner,368.2217199510451,358.43475823978576,375.9677509261673,-0.7514551558746204,19.34801124142422,23.76959013637842,21.68232916682837,20.04392901770182,15.15614043766718,348.90153050872397,361.94913385673317,357.18843294697535,376.1373530158116,412.38139502155786,341.0991824057308,354.36862684849734,352.0468425277297,364.94573750859956,394.73539438133224,354.95095927527876,370.3194056436937,368.69013736398955,385.3136866977642,414.3871726845277
Argentina,Partner,377.52902864845396,400.7440434793743,406.19134070596033,-0.80197375331075,19.58867530538843,24.75542333640657,22.60094593196128,17.58188029216385,15.47307513407986,340.91985372169643,360.3040777182746,378.4530073790811,397.2359169504607,429.84065079161286,356.39838526516132,383.4501543877281,402.0301194730018,421.81052984401185,460.556231390515,369.06286083934606,388.34476753728086,407.7259041023017,425.6891755940126,461.33873033519615
Baku (Azerbaijan),Partner,396.8822928708397,365.21385835087807,380.14368749242345,-0.5093424757669788,7.822221090815576,24.13585686519051,28.18526331420618,23.80727049420299,16.04938823558475,363.75219465660138,379.0519253984972,399.82198793385874,405.43637628806624,431.60918488332413,334.02349267699498,349.7476916013704,366.74088291655943,374.6407857356096,399.96850094417255,349.38191349087856,363.55286638492777,381.6099935241141,387.652909839575,415.30537463447627
Brazil,Partner,378.6913669469825,410.35697944299073,403.00121363646645,-0.9914729633663947,23.82594917770311,25.15117534204668,23.18075469169979,18.27728422201631,9.564836566534142,347.49995749489977,364.7799753372777,377.1718252515896,404.86050719593806,455.1326647971093,373.88789204107218,396.22032360226933,409.1808471448986,442.7378552997205,490.46702054104463,365.41657590399154,387.27870008038167,401.60583414200687,433.7976541446414,490.2744952890087
Brunei Darussalam,Partner,442.09310447098136,429.2319117096338,445.85511634219006,-0.2572575116907798,4.517049959334131,19.31332901060365,26.17231598000587,25.09276370286408,24.90454134719227,380.86846101974487,412.9565672853676,422.35262634528374,445.9467762058116,493.9436248852023,352.77766384915071,391.7338773319741,405.1505521143597,435.6600723400535,492.0268885301505,377.2838043793023,412.59658172680196,423.28523707282443,451.70272636228185,503.0060711823644
Bulgaria,Partner,417.30390037486825,404.30373969630296,420.99321949949467,-0.2722064937519154,6.856092196259322,19.06794540575601,21.54561356268287,24.96942082839245,27.56092800690935,340.4253944344764,376.0255637145319,400.5197430594534,425.8355671628989,472.41480018694676,303.6680599354014,361.41204923059564,388.968771904427,414.21962184173185,466.31833480535715,338.81853962504056,378.25456673633573,406.0808670825483,431.4289848233046,475.7604986954041
Cambodia,Partner,336.39604125930657,328.842780421465,347.1041621496973,-2.0113231811312,59.26743630702678,19.15202810268035,11.68384044245517,7.395712612451268,2.500982535386432,331.49452566452209,333.8334356930269,335.29164603606057,358.56404182425075,414.4130975235355,327.15531480521213,327.2571790503439,326.6780643371301,337.79540882138775,366.32019816777193,345.02864406396407,344.60460589468323,346.5497748488353,357.3253447116014,389.7751964198979
Croatia,Partner,463.1051893674915,475.4989464423297,482.6674492104965,-0.1519635999117231,1.10956742718474,17.76180147914112,28.47264618802393,25.53108139195442,27.12490351369579,386.33249760168883,423.7419557814505,445.3593484315582,467.5657072365288,507.5661692087648,385.42319727853118,439.15916586253644,461.8242115840836,479.98887362779544,514.9006385289134,411.02524217306859,445.40991980714966,469.1541408468424,485.20315500409026,523.0429678826057
Cyprus,Partner,418.30668002350967,381.07572437195614,410.9025172747924,0.161919428305196,2.015245435219466,10.3551635173027,18.32020609198571,28.18514003355008,41.12424492194206,346.33061993001547,371.9272051187084,393.128103194049,412.1147352875976,456.51930552781005,308.04530754629144,341.418173448103,358.4640948909539,376.27860732870397,415.85585183276675,336.10019324440646,368.9297237131725,390.05977052704634,406.0382619772647,445.17290464146345
Dominican Republic,Partner,339.10724673258596,351.3122866900286,360.426059741043,-0.7096963763568349,14.43410650108111,24.13997909224191,25.27682378966107,24.21213176558164,11.93695885143427,316.89386188376068,329.3677079319754,333.8280145493395,349.3706637988732,380.49170527593725,318.95009064671234,335.2238184636494,343.90447443086424,367.10478746009,413.2496117412122,333.44973534315614,348.70291821478804,353.8331897451074,373.6468028665367,407.939248113218
El Salvador,Partner,343.4691009767227,364.90364362446246,373.14131443083045,-1.391598156704186,39.24493206110128,24.88434650983169,15.75693431457939,12.18098796763371,7.932799146853927,323.07330788209532,341.4015855380842,351.8986173954386,366.43904483324604,403.18016668468135,338.44280105760822,361.8871725314789,376.60409044966576,396.1498115224249,443.8781585615085,350.20180641560228,369.3968537989297,382.4041871769907,401.03472384570176,447.42023764270925
Georgia,Partner,390.0242203216826,373.85835094728674,384.06745917538075,-0.4660940444868606,7.265592387586935,23.67236822719202,26.4724974742423,25.10233349960642,17.48720841137233,356.417097963142,367.1864776594541,384.14917797403535,406.3966179333864,429.8310611533268,329.22490363259681,350.5037610375548,370.69854580441074,393.5465176715991,413.4037981590313,344.06993323280221,357.3653733691324,378.1942041290032,402.331571979963,427.6116462368963
Guatemala,Partner,344.19948813728763,374.12187096113416,372.9627538384929,-1.512896216390856,44.95977096012846,18.70312489561568,14.93688995351168,13.09264778842786,8.307566402316324,324.93763237136199,340.1012539222374,353.6910266849165,368.0837157704928,405.33927906601406,353.54965217508072,371.35292654978485,385.6292126381925,398.3060466403431,435.31467263153274,354.50389198067546,370.6322760480263,381.21756624255363,394.092175212225,431.59190265310775
Hong Kong (China)*,Partner,540.3518012286893,499.70134091530184,520.4186794997768,-0.4618579371911636,8.818420877813528,24.2937053140232,25.31702581652443,20.30493220256881,21.26591578907004,494.74127739242306,522.3913269764167,536.8109582349136,548.8385718702041,579.980037570316,456.91988761923676,491.332579663167,500.65885963328867,506.5174075384939,526.3337594066376,485.53023786406766,506.7041651111976,518.5948351318292,524.6614621761099,553.6746334416556
Indonesia,Partner,365.525253871577,358.5698594568464,382.86341281212907,-1.555847023396357,43.21365329275517,28.81063311104865,14.87771398617589,9.711101773151627,3.386897836868669,354.27739623914471,365.3799548466627,371.21174518754293,389.6017358754411,420.5659299463927,345.01330983295952,357.49265281657597,364.2861581856769,392.0261435081736,428.60592053639914,372.40984286346588,382.36068599188485,388.0358546965252,405.84803543578636,439.4220798285426
Jamaica*,Partner,377.41693921863487,409.63278662407834,402.93396156387877,-0.5503355620693652,9.04394501356756,22.12279758304737,30.20922028608937,24.46258950050735,14.16144761678836,346.90349552306782,367.34202174346245,374.820500357122,387.454537237021,415.6917088842481,369.21068655499795,396.17137458975014,406.46023856013,422.04616435964647,464.1535451475622,368.81296593830689,389.24364017908647,401.33535642455587,414.6522063284364,456.5517087373467
Jordan,Partner,361.22802836657854,342.1658280535569,374.52708693892095,-0.8164571700685548,18.89155638974308,25.55202964267163,21.11435913822545,22.13787887593548,12.30417595342437,345.53571336355037,353.1080424187992,357.93369755472014,371.5401368124035,392.40765569530777,319.31327891382983,331.7865293544435,339.7396195568238,357.652682867626,382.5889175466959,356.74189935384834,364.95884882634874,370.20475046286225,385.92309290552856,412.31614748333914
Kazakhstan,Partner,425.4391288356629,386.2847481049628,423.1660456580578,-0.3723667452209884,4.782420349885379,20.43978796271731,26.66479714501009,31.70138961610071,16.41160492628651,397.65255560231367,412.40743945621193,416.59522829363254,429.5461170696549,456.83979873853906,349.15476647513111,370.53192149858705,379.2366399022794,391.0715504903882,419.0864335191672,390.87565924051557,409.6429766453575,414.98054150961036,428.2377573334283,453.27033752761037
Kosovo,Partner,354.9624438264088,342.19442057784676,357.0240515732677,-0.3432331768521614,5.899793887235973,17.3965270113779,28.91402266725075,29.14005202344019,18.64960441069518,332.71512643268204,345.2881819770321,346.00335689279046,355.61748661191245,386.2682344336102,320.9258643223468,333.4083445158822,335.16815310788417,342.78183592138566,370.46406482708954,334.48321066632002,346.64716091763347,348.4330115402685,357.841546142918,388.8099986582263
Macao (China),Partner,551.923153064622,510.4051219401435,543.0962811931972,-0.4488941210209979,6.232869036579432,22.84397211942589,30.52210596109356,23.10522112757775,17.29583175532338,512.13851852367645,532.7020649337429,548.4688213963449,559.1846190187806,588.5379986851842,483.2959082739215,499.6452592645701,507.15307801942504,511.450512860169,539.4418706255971,515.19946640023511,531.8245798954694,541.727593206919,545.4860375516238,567.6430410203069
Malaysia,Partner,408.6874321942563,388.0878081152806,416.3061157824866,-0.6848914977984744,13.65122047273209,27.33088787118461,23.9443223411873,19.22958860226666,15.84398071262935,368.47838669826439,387.4454556574188,402.11681080347967,424.26794970348095,472.4113135494713,348.48645928109681,370.7989575342218,380.8727173958316,400.05437695548767,451.24323603196467,378.43801120367817,397.54578348275675,409.9362859712027,428.04765964558277,478.57429752051706
Malta,Partner,466.01611291105684,445.2988384066523,465.5887385990138,0.019249469638918,2.333861382458721,15.49566833451188,20.32334107368325,24.9184740490947,36.92865516025145,370.87815832594947,430.71272162839364,447.69412453804347,462.74528872242803,503.39826409518577,357.11370511883769,404.8371959543229,426.4846460350319,443.9872524716543,485.8810026548887,372.90911334736586,425.01746248516974,444.3920247381515,465.7312923325716,505.5805266707748
Moldova,Partner,414.1980631976307,410.9353988016279,416.85897507106233,-0.522542343064163,9.497732001696304,24.17400600275861,25.94737679311577,22.01041397933221,18.37047122309711,364.40366314321022,391.69945398224667,403.53717991328676,428.7267459898547,468.377053030953,349.82612285473567,386.77924526474237,399.8639112035417,429.23325502489433,469.00834550258514,363.24760520330733,396.7696030433483,406.5467358856111,431.37811217435205,469.3967264857447
Mongolia,Partner,424.59312854284474,378.41987381158583,412.3825368341425,-0.7291488625589954,16.6334135421461,24.3123112287478,21.89370678812866,23.21431254396839,13.94625589700904,378.64624512480594,400.04621711537925,420.39901346533344,444.71151758512815,496.28671427613654,336.41249418358206,357.701960795471,377.1782020265996,398.00848568120114,435.4177098166954,370.40583779987099,392.336785772638,409.8492441079083,429.9008562944475,473.47104806825064
Montenegro,Partner,405.6011733379937,405.02045628413134,403.13024220391225,-0.20551682878287,3.16416822338062,15.70753556342993,28.15608445481609,29.79568794128024,23.17652381709312,338.96925238674362,377.11539101308824,393.7282317393556,412.02253616961355,442.50484589022636,338.26919969410443,374.19865600250824,393.10509593720684,413.08215590395287,440.884024356812,340.57506868200852,370.74659330217264,390.43315572735855,410.8046727782424,441.1610035204286
Morocco,Partner,364.7662406960326,339.36492494179,365.3980757846213,-1.784536001667121,50.83760429701368,22.04884912889807,12.30513722939183,8.58662863355622,6.221780711140198,353.59035572630893,358.75026075481014,364.86276576470317,395.4610582365849,436.3972274028168,331.32274625072114,333.28712876656715,335.88455454299594,364.50481214985024,401.9187633165399,356.14837310976827,358.02303245026405,365.89094907158585,393.2775997878557,430.1408303021068
North Macedonia,Partner,388.5755067832621,358.52212249051536,379.8751061574653,-0.2798166497310098,5.904411839234869,17.00055582486731,26.58073250241133,26.53441395034132,23.97988588314519,331.10661236010822,362.4960796584444,374.61447396352696,397.2114972992043,432.09780186256904,310.42774000677264,337.92437940220094,346.835504727997,365.73162708971205,394.6937139141989,324.21004580372033,354.98247783579905,366.51684189563645,387.22632459717556,423.0806810428533
Palestinian Authority,Partner,365.7466764424854,349.1570504195015,368.8150946174147,-0.9119491977041476,20.92235834692238,26.74177855887472,21.794926790039032,21.99983285074697,8.5411034534169,341.35930689336863,359.0316923552962,367.12129669152216,383.6008853883095,402.5154586242745,327.99035328823703,345.3793874480515,348.720537649576,364.8807330318868,385.1756426159216,344.25852622367961,362.6047338111114,370.5040363673718,386.8863805809501,405.4820856400721
Panama*,Partner,356.57350391859563,391.9533551935201,387.7676243349397,-0.9467632798211757,26.86135204714806,19.64257994144732,18.89879901268014,20.09064488208254,14.50662411664194,325.96360450275523,340.91319551919906,353.46900912081776,372.718870512494,418.63266399101224,347.50221482884513,375.6848430398728,398.53085888951694,415.1506083430928,465.13937658012867,345.9174067754077,369.67097232144806,385.40563703059127,409.3813646502689,463.06025447104906
Paraguay,Partner,337.53975043615014,373.1556542101968,368.3278246473302,-1.244907395560319,36.34374804585065,20.12881186149201,16.7698696530623,16.41737945566556,10.34019098392948,316.67628079588042,324.1552794749969,337.2318612459115,360.84733770607687,407.1151894045988,353.72661663127946,357.85218554119643,369.88237806677995,399.1538774460654,442.3299888224185,347.56508768098678,354.76739971215085,367.69116870102175,392.85608089852315,436.3193251951402
Peru,Partner,391.23578464022944,408.24785608974094,407.7777609863706,-1.153497366870097,29.11519950828963,27.15726682434731,18.13515541216577,14.57231435071291,11.02006390448437,353.8583356183899,382.19503860776575,403.5970805661186,423.9035054674248,451.61455232814944,364.4418567194532,399.91593306928394,423.5169790302657,445.30135903545664,473.28937099375236,370.25020131495125,397.6186840713425,418.6612301704191,440.8195745332256,473.6270668813456
Philippines,Partner,354.7197127888579,346.54738735104974,356.1672931295155,-1.337900372339946,36.14260157985501,24.89757481129741,20.13089202244199,13.81376075889594,5.01517082750964,343.72866147357377,351.47634193573833,353.704330559003,373.6111325471711,402.720650027521,330.73685824654007,342.24967566077186,345.26588851502646,373.4714079307687,414.1226892927084,340.90071408099902,350.6482269879728,356.8210372150018,382.7229004888135,422.64946244114947
Qatar,Partner,414.1062217855216,419.3042673960383,432.4025147198772,0.1074742302813513,3.241611781874786,7.564016156472045,16.7351034793549,36.16384147939468,36.29542710290358,349.05055490476627,363.3594060076543,380.37021407363,412.8634696412336,453.0385215850906,354.66328104664206,365.4876632690094,383.90304419754756,420.9505677431032,459.9082318320473,358.01281101404834,383.75228699252307,398.70677868251784,432.23297686287447,470.94772287679336
Romania,Partner,427.7599966689727,428.4960173886829,427.5111075386248,-0.3621265556669395,7.455094590947802,21.89540695889754,25.63490521675994,18.88496645662529,26.12962677676943,337.07818435012081,383.8991980388085,412.0843569322972,440.3862253761199,498.2178136414824,336.33831742571311,388.0433135768956,415.71248957760395,441.99761148330526,493.84864741628763,338.81942881148825,385.36000219217556,414.6816384326203,440.86623583200526,491.78860889417024
Saudi Arabia,Partner,388.781606995968,382.55104941117963,390.3876155510652,-0.2896089240150509,8.96027224007342,15.24077643862855,21.05000960473088,30.06410846870451,24.684833247862642,364.42911219466328,371.4450442429645,375.89059135099023,392.5396168983092,415.8709090485576,354.68917032000428,363.8485487675751,368.5035154265038,385.4063995027573,413.16705843768796,368.18261585925751,374.1646711414678,377.3411342633344,394.96860790911205,415.6641324883617
Serbia,Partner,439.8766666814576,440.35496944760763,447.4606644730866,-0.2023938868962312,2.532568284604029,15.72925803673647,29.81814952379001,27.80045806641645,24.11956608845304,337.17453444080257,400.8643882261331,427.81859696222193,449.1320470710448,482.7462944919943,341.16871100406661,405.9506782490694,429.01997413904184,448.1295729817452,479.5894016644072,350.79618724337524,410.3613191505123,435.5393134820951,456.7314808362519,488.97088912905247
Singapore,Partner,574.6638195932204,542.5533222174772,561.4332749173002,0.3064482318690433,1.461366344804118,7.408922686157317,14.98839009554604,26.1913848350458,49.94993603844672,487.44033696534211,498.4142269963695,523.7016266672388,559.6170176414375,612.9255092882748,455.13119959842993,472.22629597330473,490.5821839658245,525.8340088468246,581.3038232670646,477.35211445528967,489.5147189036192,512.2581867898161,546.248298800714,598.3506271089948
Chinese Taipei,Partner,547.0941643886057,515.1672901092181,537.3803810477806,-0.1854130109619493,3.817750898361744,16.28588899156559,24.51828982249706,29.80911374517594,25.56895654239966,470.93014809327474,491.2266047730159,522.6568771149517,557.3575737593972,608.2193595991561,447.86877199503442,471.71192912836244,494.3300716893977,525.2668185190682,564.659468294639,472.47666972713142,491.3513226528495,515.5269989792231,546.3000799276336,589.9474925646667
Thailand,Partner,393.9453559167338,378.6630042589604,409.2643087315186,-1.231038646023137,32.88426095593592,25.31341311096175,20.66536550063914,14.06364184426266,7.073318588200513,375.09182703770352,382.20478356776675,391.8366174556857,420.5381283401148,480.80322303840825,356.86667622072559,366.8002510690714,382.8664611114766,408.2146333094877,457.161470332636,388.46518558314324,395.9786215830306,410.03406477631415,440.0814512293364,494.50443890976277
Ukrainian regions (18 of 27),Partner,440.84530888926423,427.52695255395724,450.18723808047235,-0.3510673689369825,4.048533589641691,21.0383444752921,27.50270232976912,29.32511906860241,18.08530053669469,363.27139814402051,405.19171964805366,423.30853055098163,457.1029608872574,488.47149110001357,352.98986700048277,388.6759934249344,410.86570078543974,445.75735397001455,475.510693602847,370.04017870429328,415.43590693179596,434.07336059185394,468.1007868350734,495.1424100783959
United Arab Emirates,Partner,431.11047658355506,417.34974980607007,431.9794709332868,0.2966563804048203,1.372025835095061,4.746033960249741,13.72076798822551,35.26331990011965,44.89785231631004,368.0073860536645,375.27243725913553,388.9279395869585,429.5318427164987,458.24389457900764,348.62248618834178,355.4224690986921,372.35887473873873,416.65041891460663,447.5804616129101,358.34916051790975,372.4765404835605,386.5320966702952,431.71031084659074,460.6373442752533
Uruguay,Partner,408.7120663921702,430.3597244432733,435.38477279819784,-0.8328537154717347,22.01699692097638,24.20103163474442,21.88993647049056,16.53044412586046,15.36159084792817,369.17292832712366,392.0153111421654,405.88410551544257,430.46620317840063,478.0308228036822,389.20440770931327,415.0466391515324,428.84296061750575,453.70826141875335,498.3612243958214,393.29835053021264,419.76005572274346,433.6941341873621,458.28002137822034,504.9983396317973
Uzbekistan,Partner,363.9353746814326,335.50489976342425,354.8635651535274,-0.6886793689979404,15.10989339751828,23.0566280356547,24.68479145472575,25.32331865974611,11.82536845235516,347.97997632919873,362.1656175940436,360.5395450520638,368.2942379484514,386.12619726623547,320.23321152025676,333.2936246618767,332.7024701441553,340.9423360461784,355.2530773315816,340.60087469422723,353.8490113912547,351.717123891453,359.49675178237743,371.2045643066099
Viet Nam,Partner,469.40242748130413,461.887966181346,472.38096175909453,-1.288418088460705,33.68858494490201,30.93154677839514,14.06596895127808,12.65075882375913,8.663140501665636,438.30608700229271,465.0016454962577,478.9523322948153,507.8454153850242,534.2085953881118,431.76428501586838,459.67781982828166,474.3805790690727,495.3372488762875,517.7053917906361,448.64606735106594,470.2173174821991,480.2965130701675,501.4038104649213,517.0364798208313
